0.866025
0.707107
0.587785
0.5
0.433884
0.382683
0.34202
0.309017
0.281733
0.258819
0.239316
0.222521
0.207912
0.19509
0.18375
0.173648
0.164595
0.156434
0.149042
0.142315
0.136167
0.130526
0.125333
0.120537
0.116093
0.111964
0.108119
0.104528
0.101168
0.0980171
0.095056
0.0922684
0.0896393
0.0871557
0.0848059
0.0825793
0.0804666
0.0784591
0.0765493
0.0747301
0.0729953
0.0713392
0.0697565
0.0682424
0.0667926
0.0654031
0.0640702
0.0627905
0.0615609
0.0603785
0.0592406
0.0581448
0.0570888
0.0560704
0.0550878
0.0541389
0.0532222
0.052336
0.0514788
0.0506492
0.0498459
0.0490677
0.0483134
0.0475819
0.0468723
0.0461835
0.0455146
0.0448648
0.0442333
0.0436194
0.0430222
0.0424412
0.0418757
0.041325
0.0407886
0.0402659
0.0397565
0.0392598
0.0387754
0.0383027
0.0378415
0.0373912
0.0369515
0.036522
0.0361024
0.0356923
0.0352915
0.0348995
0.0345161
0.0341411
0.0337741
0.033415
0.0330634
0.0327191
0.0323819
0.0320516
0.0317279
