0 -0.00188889 -0.00315556
10000 0.000911111 -0.110311
20000 -0.000577778 -0.190222
30000 -0.00286667 -0.257867
40000 -0.00488889 -0.304667
50000 -0.004 -0.3504
60000 -0.00253333 -0.384578
70000 0.000466667 -0.406711
80000 0.00242222 -0.429778
90000 0.00433333 -0.447244
100000 0.00288889 -0.467733
110000 0.00366667 -0.486089
120000 0.00308889 -0.495511
130000 0.00588889 -0.509867
140000 0.00786667 -0.521422
150000 0.00735556 -0.528044
160000 0.00971111 -0.535644
170000 0.0100222 -0.539067
180000 0.00988889 -0.543911
190000 0.0112 -0.552667
200000 0.0100222 -0.553067
210000 0.00948889 -0.556578
220000 0.0101556 -0.560622
230000 0.0100667 -0.564844
240000 0.0107111 -0.566756
250000 0.00946667 -0.568222
260000 0.00926667 -0.571022
270000 0.00873333 -0.568756
280000 0.0088 -0.572267
290000 0.00762222 -0.574756
300000 0.00791111 -0.577733
310000 0.0130889 -0.577067
320000 0.0134 -0.578978
330000 0.0131556 -0.576489
340000 0.0120889 -0.577467
350000 0.0132444 -0.5804
